        25      0       0
96 98 93 100 94 100 95 98 90 107 100 97 93 101 91 103 98 100 104 97 98 100 102 96 96
1046 1148 1160 1303 1544 1714 1779 1974 2070 2216 2385 2457 2550 2687 2946 2960 3007
3107 3122 3304 3348 3364 3399 3412 3423
  0  0  0  0  0  0  0  0  0  0  0  0  0  0  0  0  0  0  0  0  0  0  0  0  0
  0  7 12 11  8 10  9 11  8 12  8 11 10 12  8  8 11 10 12  8 10  9  9  9  8
  8  0 10 10 10  7 11 11  7 10 10  7 12 12 10  8 12  7  7  7  7 10 10  9  9
 10  7  0  8 11 10 11 12 11  9  8 10  9  9 10  8 10 10 11  8 10 10 10 11  9
  7 11  9  0  9 12 11 10 11  9 11 10  9 12  8  8 11  8 10  9  8  9  9  9 10
  7 10  8 12  0  8 12 11 11  7  9 10  9 12 12  8 10  8 11  9 10 11 11 12 12
 10 10  9  8  8  0  9 12 10 11  9  8 10 11  8 12 10 11 12 10 10 11 11 12  8
  8 10  8  9 11 11  0 12 11  9  9 10 11 10  9  8 12 11  7 10 11  8  9  8  9
  9  8 11 10 10 12 12  0 11  9  7 11  7  9  8  9  8  7 10 10 11 11  8  7 12
 11 10 10 10  9 12  8  9  0  7 10 11  9 11 12 11 11  7  8 10 10  9 10  9 12
  8  9  9 11  8 11 10  7 12  0  7 11 12 10  7  9  9 10 12 10 12  8  7  8  8
  7  7 12  9 12 12 10 10 11  7  0  9  9  8  7 11  9  9 12  9  9 11 10  8  9
 10 10 10 11  9 11 12  9  8 11 12  0 12  7  9  9  8 11  9  9 10 12 11 11  8
 12  8 11 12 11  9  8 12 11 11 10  8  0 11  9 10 10 10 11 10  8 10  8 11 11
  9 11  8  7 11  8 11 11  8 11  9  8  9  0  9  8 11 10  8  9  7  9 11 12  9
  8 10 10 10  8 10  7 11  9  8 12  8  9  8  0  9  7  9  8 10  9  8  9  7  9
  9  9  8  8  8 12 10 10 12  9 11 12  9  7 10  0  9  9 10  8 10 10 10  7  9
  8  9  7 10  9 12  8 11 11  9  9  9  9 11  9 10  0  7  9 10  8 11  9 12  9
 10  8  8 10  8  9 10  8  9 10 10  9  8 12 11 11  7  0 10 11  9  9  8 10 10
 11  8 10 12 10  7  8  9  7 10 11  9  9  8 12 10  8  8  0 10  9 10 10 12  8
 12 10 11 12 10 11  9  9  9 12 10 12 12 11 10 11 11  8  9  0 10 10  9 12 10
  9 10 11 10 10 10 10  7  7  9  9  9  8  9 11 11 10  7  8 11  0 10 11  8  7
  7  8 11  9 11  7 10 10  9  7  9  9 10  8 11  9 10 12  8  9  9  0 10 12 11
 10 10  8  8  8 12 11 10  8 12 11  8  9  7 11  7  7 11 11  9  8  8  0  8 11
 10 11  9 10 10  9 12  9 10 10  7 11 12 11 10  9 12 11  9  9 11 10  9  0 12
 11 10  8 10  9 11 10 11  8  8  8  9 10  7  8  9  8 12  8  9  7  9 10 10  0
