          15      1067  1067
   96  103   98   92  105   97  100  105  105   95  102   94   98   95   98
  158  232  272  350  512  616  816 1001 1031 1032 1040 1123 1162 1237 1284
    5   15   20    5    6    0    5    2   15   12    0    6   17    9    0
    0    1   13   10    0   13    4    2   18   17    4   19    2   17    7
   12    0   15    7    8   16    3   20    6   11    6   20    1   14   16
   12    1    0    2    4   17   11   19    8    7   14   15    3    4    7
    3   15    1    0   10   16   13    8   15   16   10   20   20   18   16
    8    2   15   16    0    5   16    4   15   19    0    6   13   18   14
   10    3    2   16   14    0   13   16    2    9    4   12   12   11    1
    4    3   12    0   16    5    0   11   17   16    5    7    5   18   13
   12    4    8    1    8   10   14    0    3    7   10   17   18   16   12
   20   16    0   10    4   14   17   18    0   20   17   20    8   18   13
    8    5    0    8    0    8   13    1   17    0    2   13    1    6   16
   17    4   15    7    9   13   17    6    4   13    0    9   13   14    3
    2   13   14   17    7    1   17    1   10   20    4    0    5    0    7
    4    1    8    6   19   18   20   16   16   17    9   18    0   18    3
    4    5   12    2   18    5   15    4   17   13    8   16    7    0   11
    1   10   10   15    8    7    8    9    2   12   20    7    2    7    0
