          15      3418  3418
  104   99   98  102   98   99   91   95  104  105  107   96   97  101  110
  519  536  550  563  619  653  676  694  722  767  774  780  784  785  797
   19   11   13   13    1    2    8    0    6    4    6   15    4   13   10
    0    0    7   17    7   17   15   11   10    4   18    5    8    6   20
    2    0   11   19   18   13   17    2    8   10   14   20    2    5    2
    7   20    0   10   17   20    7   11   15    3    8    7   10    4   20
   17    7    3    0   12   10   11    2    1    1   17   19    7    1    0
    4   18    3    8    0   16    2    0   18   17   12   16    0    1    3
   19   12    1    3   14    0    6    9   11   19    7    7   11    8    0
    6   16    2    2   17    1    0    6    6   18    9   20   18   14   11
    6   12   20    7    9    9   10    0   11   13   18    6   14   19    7
    3   15    7   19   14   19   16    7    0    2    1    8   17   15    0
    4    4    7    3   19   11   15    0    8    0    8   13    5   12   10
   10    0   12    2    7    0   16   18    4    8    0   11   16    9    0
    3    1   11   13   19   19    8   13    3    7    0    0   10   15    9
    6   12   11    4    6    2    5   12   10   18   19    9    0    9   12
   14    1   19   16   17   11    5   15   16    8    9   13    2    0   19
   18    4    3    8    3   11    4    2   14    0    1    7    8   12    0
