          15      0     0
   90   68  127   98   72   85   78   77  119  107   96  101  122   61  116
  602  607  644  753  818  936  960 1188 1290 1324 1504 1615 1881 1907 1933
    7    3   12   13   11   14   15    4   14    2   18   18   11   19   14
    0   20   19   20   18    8   13    2   10   18   16    4   20    6    7
    8    0   20   13   15    0    2   13   18   15    1    4   16    3   16
   14   13    0   20   16   16   12   16    8   16   17    9   15    5    0
   18    5   19    0   19   17    3   19    2    2   12   13    8    1    6
    8    1    9   13    0   11   16   11    0    5   10   16   16    1   18
    5    2    1    5   15    0    7    4    4    3    9    2    5   11    4
   12   15   13   10    3   12    0    5   12   15   16   15   10    4    8
   17    2   13    0   18   19   11    0    5   10   15    4   18   15   13
   19    0   14   14   11    2    2   19    0    9   20   10    6   19    4
    9    8   14   10    5    7    8    1   10    0   11   11   19    5    2
    7   19   17    5   11    4    8   18   12   10    0   13   18    3   10
   11    9   12    5   10    6   10    3   10   13    2    0    2    9    9
    3   19    8   17   20    4   11   19    6   14    3   10    0    3    9
   14    2    6    8   18    0    1   20    0    9    2   16    7    0   15
    8    8   10   18   14    8   18    5    3   15   20    8   13   15    0
