          15      0     0
   95  103  103   94   96   95   99  104   89  107  104   99  106   95   98
  630  640  663  754 1014 1100 1159 1229 1229 1351 1439 1504 1783 1786 2053
    4   13    5    1    7    3   11    8    3    7    5   20   12    7    0
    0    6    5    3   19   11   20   20   20    9   18   15   10    4   12
    8    0    0    6   20    2    6   17   16    0   12    0   20   17   16
    9   19    0   17    9   17   19   14   19   15    6    9    4    1   17
   17   13    9    0   15    4    4    9   12   15   20    8    3    4    9
   10   16   15   17    0    2   12   16    5   18    0   15   10    3   10
    9   13   14   18    1    0    7   17    3    3   16   10    1    6   16
    4    5   15   18   10   15    0   13    5   10   20   16   11   12   13
    0    0   11   12   20    3   20    0   15   18    8    4    6    0    7
    5    8   10    6    2    5    3    2    0   15    5   13   17   14   19
    7   12    9    7   11    1   17   10    7    0   16    3   19    0   13
    6   12    9   17   15   20   17    1    7   16    0   16    9   12    2
    1   18   10   18   15    5    0    2    9    1   16    0    5   14    5
   19    1   14    0   16   18   14    3   16    7   17    1    0    0    0
   19   19    5    3   20   15    2   14    0   10   17    7    5    0   19
   16    6   15   18   11    4   16    5    9    0   11    4   13   16    0
