        25      3511    0
102 99 95 96 101 96 100 101 102 109 96 97 103 101 104 100 97 104 93 105 92 103 91 91 96
1422 1439 1452 1463 1519 1528 1558 1562 1566 1589 1625 1635 1638 1646 1657 1674 1710
1769 1781 1834 1836 1873 1912 1912 1916
 0  0  0  0  0  0  0  0  0  0  0  0  0  0  0  0  0  0  0  0  0  0  0  0  0
 0  8  8 10  7 11  8  9 11 10 10  8 12  9  8  9  8  9  9 11 10  8 11  9 10
 8  0 11  8 11 10 10  7  7  8  9 12 12 11 12 11  8  9 10  9 10 11  9 12  9
 8  7  0 11 11  7  9  8  9  8 11 11  9 11 10 11  9 12 11 12 10 10  9  8 12
10  9  8  0  8 11  8 12  7 11  8  9  8 11  7  8  8  9  9 11  8  7 11  8 11
 9  9 12 10  0  8  9  8 10  8  8  9  7  7 10  9 12 12 10 10  8  8 10  7  9
 9  7 10 10  9  0  9  9 10  8  7  9 12 10  9 11 10  7  9 10 10  8 10 11  8
12  8 10  8  7 11  0 11  8 10  8 12  9 10  7  8 12  9  8 11  8 12 12  8 12
 8  8 10  9  9  9 12  0 10 11 10 10 10 12 10 11  8  9  9 11 12  8 11 12  8
 8  9  9 12 11  8  9  9  0 10  7 11  9  7 12 12  9 12  9  9  8 11 10 12  7
 8 11  9 10  8  7 11 10 11  0 11  7 12  7  8 10 10 10  9  9  8 10 11 10  8
 9  8  8 11  8  9  9  7  8  8  0  7  9 12 11 10 11  9 11 10 11  8  8 11  9
 9 10  8  7 11 10  7  8 12  8 10  0 11  7  9 11 12  9  9 10 11  9 11 11  7
 8 10  7  8  9 11 11  7  9 10 11  9  0 10  9 10 10 11 11  7  7 12  7  8 10
10 11 11 11 11  8 10  9 11 11 12  9 12  0  9  7  8 11  9  7 11  7  9  9 12
 8  8  9 10  8  8  9  9 11 12  8 11  9 10  0  9 10 11 11 12 10 11 12  9  8
12  7  7 11 11  8 10 11 11 12  9 10  8 10  7  0 11  9 11  7  8 12  9  8 10
 8  9 11  7 10 11 10 11  7  8 12 11  8  8  8 12  0 12  9 11 11  9 12  7 12
10 12 11 11 10  9  9 12  9 12  9  8 11 11 12  9  9  0  8 10  8 10 12  8 12
 8 11 11  9 10  8 12  9  7 12 11  7  9  8 10 10 11  8  0 11  8  7  9  9  9
10 12 12  7 11 10  7  7 10 10 12 10 11  9 11 10 10  9 10  0 11  7  8 10  7
10 11  9 11  9  7 11 10 10 11 12 11  9 11 10  7 12 10 11  8  0  7 11  8 11
11 10 12  8  8 10  7 12  9  8  7  8  8  9  8 10 10 10 10  7 12  0  9  8  8
12 11  8 10  8 10 11  9 11 10  8 12 11  9  9 10  9  8 10 10  8  7  0  7  7


10 12 11  8  8 11  9  7 12 11  8  9  8  8  7 12 12  9 11  9  9  8  9  0 11
10 12  9  8 10 11 12  9 10 10 11 11  9 10  8 12  9  9 10  9 12  9 11  8  0
