          15      1861  1861
   93   59  137  107   60   69  137   43  119   73   47  105   54   86   83
  509  555  566  567  567  593  637  673  677  679  716  732  738  775  816
   17    5   10    7    7   17   12   16   17   11   16   17   14    4   19
    0   14   11    2   11   19   19    4    3    0   20    2    9   14   15
   11    0    0    2   20   10    3    5    3    0    6    8   17   19   13
   13   11    0    7   15   18   19   19   13   11   12   16   12    9   10
    9   20    3    0    3    4   13    5    4   15    5   16    1   16   12
    7    4    4   13    0    5    7   19    6   20   17    4    3    4   11
    9   10   14   14   16    0   16   15    0   19   18   14   13   14    7
   11   17   12    5   12   17    0   18    6   12    1   20    0    3    7
   10    4   12    9   14   13    3    0    7    4    5    5   11   13    8
    2    6   13   13    0   15   14    1    0   12   13   13   10   16   17
   16    8   17    4   14   20   19   16   11    0    4    7   16   18   12
    7    5    2    3    7   15   10    7   11   19    0   16   12    5    8
    4    2   20    4    6    7    1    5   11    4   14    0   14   18   11
   18    3   16    3    9   18    0    0   15   19    6    5    0   16   13
    2    8   19   17   18    6   18   12   11    7   16    6   13    0    1
   19   19    4   11    0   13   11    9    5    1    0    1   10    7    0
