          15      0     0
   68  121  104   49  112   79  100   97   49   89   98   96   33  112   59
 1186 1203 1212 1264 1296 1301 1344 1356 1386 1397 1402 1413 1445 1474 1478
    3    0    1    2   16    0    0    3    1   12    2    2    1   13    8
    0    2   20    4   15    5   18    5    6   13    1   16   17   19   18
    3    0    8    5   16    3   13   11    4   19    2   18    9    1   20
    9    3    0   20    6    6    1    5    7    9   17   15   14   18    1
    3    3    2    0   17   14   10    8    2    2    0   19   13   12   13
   13    3    7    5    0   12   13   18    2   19   10    3   16   10   15
    0    0    3   15   18    0    8    1   10   17   19   18    2    7    6
    8   16   12   15    1    3    0   12    2   13   16    8    4   20   19
    4    6   17   11    8    2   19    0   10   20   16   10   10   12    4
   11    2   15    0   15    9    2    5    0    2   12    2    7    1    3
   12    2   12    2   17   11   14   14   11    0    0   12    9   14    8
   16   18   19   10   15    6    5    5   12   19    0   16   14   18    3
   19   14   11   10   17   13   11    4    7    8    2    0    3   16   10
   18   19   11   13    4    7    5   14    7   16    7    7    0   11   10
    6   17    7   16    8    6   10    1    9   20    1   19   17    0   16
    2   16   17   12   15    0    6    0   15    0   11   18   18   16    0
